src,dst,weight
71,120,1.0
125,722,0.5
182,213,0.5
283,876,1.0
57,1039,1.0
72,1284,0.2
481,751,0.3333333333333333
487,729,0.16666666666666666
562,954,0.3333333333333333
298,323,1.0
519,546,1.0
600,1349,0.25
614,1231,1.0
1118,1383,1.0
457,1041,1.0
643,759,1.0
672,886,0.5
40,671,1.0
102,1377,0.5
347,1312,0.5
375,876,1.0
473,850,0.3333333333333333
551,964,1.0
12,1308,0.3333333333333333
63,1221,0.16666666666666666
158,906,0.2
274,414,0.3333333333333333
275,1177,0.5
341,935,1.0
939,1009,0.5
12,1309,0.3333333333333333
45,1088,0.5
92,1349,0.25
142,899,0.5
469,600,0.5
530,1143,0.5
724,765,1.0
21,577,0.2
121,677,0.2
323,603,0.3333333333333333
337,885,1.0
380,694,1.0
666,1112,0.25
761,1397,0.3333333333333333
943,1263,1.0
14,437,0.3333333333333333
73,254,0.5
149,842,1.0
492,751,0.3333333333333333
562,1161,0.3333333333333333
615,1000,1.0
783,784,0.5
977,1406,0.5
348,1280,0.5
66,915,1.0
258,811,1.0
277,1308,1.0
666,1115,0.25
718,991,0.3333333333333333
949,1244,1.0
1151,1170,1.0
59,1375,0.5
141,941,0.3333333333333333
158,912,0.2
282,1124,1.0
318,392,1.0
351,371,1.0
395,743,0.5
398,832,1.0
528,622,0.2
690,1228,1.0
59,1176,0.5
323,408,0.3333333333333333
493,518,1.0
802,885,1.0
807,1300,0.5
826,997,0.5
15,805,1.0
78,1274,0.2
140,780,1.0
490,630,0.5
535,765,0.25
977,1011,0.5
7,702,1.0
419,458,0.5
472,497,1.0
859,1378,0.25
16,970,0.25
78,876,0.2
83,291,0.2
121,285,0.2
285,817,0.3333333333333333
391,895,0.5
456,690,0.5
730,952,0.5
756,990,0.3333333333333333
33,342,1.0
455,1128,1.0
549,1250,0.3333333333333333
587,644,1.0
683,692,1.0
719,1160,1.0
832,1179,1.0
959,1080,0.5
1203,1452,1.0
729,991,0.5
1129,1391,1.0
1260,1344,1.0
72,301,0.2
633,944,0.3333333333333333
778,779,1.0
846,1063,0.25
1338,1459,0.5
97,377,0.5
270,976,1.0
290,836,0.25
859,1383,0.25
1002,1292,1.0
343,1076,1.0
411,960,1.0
627,1168,1.0
630,1057,0.5
793,1226,1.0
114,150,0.25
121,291,0.2
134,1210,1.0
487,749,0.16666666666666666
593,627,1.0
652,1244,1.0
681,771,0.5
940,1188,0.3333333333333333
78,283,0.2
109,336,0.5
265,364,1.0
417,1340,1.0
994,1391,1.0
14,452,0.3333333333333333
37,801,0.5
92,766,0.25
285,425,0.3333333333333333
317,1041,1.0
530,1160,0.5
541,553,0.25
817,941,1.0
870,1180,1.0
19,68,0.3333333333333333
94,1293,0.5
590,941,0.3333333333333333
733,850,1.0
25,447,0.5
275,797,0.5
387,1453,1.0
471,745,0.25
1157,1163,1.0
121,296,0.2
348,897,0.5
1312,1429,1.0
55,1339,1.0
172,410,0.5
251,1087,0.3333333333333333
430,864,0.5
1144,1246,1.0
251,688,0.3333333333333333
702,801,1.0
928,1039,1.0
133,255,0.25
549,1263,0.3333333333333333
552,752,0.5
761,1019,0.3333333333333333
1124,1388,1.0
525,552,0.5
528,1441,0.2
939,1434,0.5
289,685,1.0
600,778,0.25
1000,1378,1.0
69,1226,0.25
488,723,1.0
555,844,1.0
901,1042,0.5
53,1419,0.25
240,1300,0.3333333333333333
287,1361,0.5
478,494,0.3333333333333333
767,1401,0.3333333333333333
1252,1256,1.0
119,1178,1.0
182,847,0.5
207,722,0.5
215,626,0.5
541,564,0.25
914,1363,1.0
1055,1146,1.0
12,138,0.3333333333333333
410,1012,0.3333333333333333
449,769,0.3333333333333333
456,1110,0.5
769,1129,0.3333333333333333
962,1188,1.0
1130,1372,1.0
302,1409,0.5
305,1298,0.3333333333333333
388,427,1.0
429,710,1.0
445,918,0.5
657,1074,0.5
1049,1170,1.0
1222,1369,1.0
26,422,1.0
226,822,0.5
517,1255,0.5
183,1414,0.2
204,1237,0.25
303,974,0.5
1062,1291,1.0
2,912,0.3333333333333333
94,108,0.5
115,731,0.5
129,613,1.0
299,323,0.25
372,1222,1.0
552,562,0.5
588,1430,0.5
686,804,0.5
157,1178,0.3333333333333333
490,1057,0.5
748,911,1.0
756,1415,0.3333333333333333
976,1075,1.0
978,1201,0.5
221,1411,1.0
502,1414,0.3333333333333333
786,906,0.5
1033,1167,1.0
63,1458,0.16666666666666666
639,1146,0.5
967,1010,0.5
225,465,0.5
410,1420,0.3333333333333333
681,793,0.5
990,1160,1.0
78,905,0.2
214,473,0.3333333333333333
374,1353,0.25
720,1151,0.5
760,1271,0.3333333333333333
890,1061,0.5
890,1261,0.5
75,1017,1.0
87,773,1.0
106,870,1.0
259,1009,0.5
352,1368,0.5
528,1056,0.2
768,1376,0.5
1356,1420,1.0
195,1178,0.25
404,445,1.0
661,936,0.5
725,968,1.0
760,1073,0.3333333333333333
1084,1085,0.5
86,812,1.0
163,1163,0.5
512,650,0.5
613,1313,1.0
3,284,0.5
16,603,0.25
63,264,0.16666666666666666
137,1126,1.0
204,847,0.25
232,611,0.5
301,1458,0.5
492,991,0.3333333333333333
529,1422,1.0
273,1295,0.3333333333333333
534,1238,0.5
790,1366,1.0
795,1381,1.0
1031,1049,1.0
1071,1369,0.5
21,1220,0.2
222,383,0.5
242,243,1.0
666,1355,0.25
716,905,0.5
739,855,1.0
496,1447,1.0
584,1391,0.3333333333333333
650,749,1.0
550,650,0.2
45,1336,0.5
47,1062,1.0
462,707,1.0
16,610,0.25
22,1388,1.0
133,1281,0.25
499,739,0.5
576,1290,1.0
382,469,1.0
1204,1255,1.0
90,1274,0.5
157,195,0.3333333333333333
395,589,0.5
449,1391,0.3333333333333333
747,765,1.0
70,1215,0.5
166,1064,0.25
416,1014,0.3333333333333333
708,1010,1.0
942,1152,0.5
726,1145,1.0
499,1345,0.5
842,854,1.0
930,1398,1.0
766,1267,0.3333333333333333
1196,1357,0.5
1221,1432,0.5
161,653,0.5
486,628,0.5
487,991,0.16666666666666666
532,726,0.5
1115,1355,1.0
135,816,0.5
150,1061,0.2
150,1261,0.2
617,1182,1.0
642,657,0.5
862,1317,0.5
216,1220,0.3333333333333333
330,1202,1.0
919,1009,0.5
921,935,1.0
956,1040,1.0
1196,1360,0.5
1266,1370,1.0
16,621,0.25
63,1282,0.16666666666666666
90,283,0.5
544,685,0.5
8,1118,1.0
17,385,0.3333333333333333
60,394,1.0
470,624,0.3333333333333333
327,1316,1.0
602,1141,1.0
1053,1054,1.0
978,1430,0.5
435,1122,0.5
1153,1356,0.3333333333333333
170,528,0.5
180,558,1.0
374,780,0.25
788,1062,0.5
135,424,0.5
225,694,0.5
426,457,0.5
486,637,0.5
570,729,1.0
678,1333,1.0
680,859,0.25
718,1053,0.3333333333333333
14,702,0.3333333333333333
469,1267,0.5
916,928,0.5
3,310,0.5
216,1429,0.3333333333333333
299,1358,0.25
305,1136,0.3333333333333333
335,1226,1.0
483,1150,0.5
521,544,0.5
942,967,0.5
1189,1428,0.5
745,857,1.0
770,1332,1.0
1265,1417,1.0
292,1019,1.0
510,1153,1.0
574,585,1.0
698,1197,1.0
716,931,0.5
768,1007,0.5
273,1123,0.3333333333333333
2,751,0.3333333333333333
4,677,0.5
132,1341,1.0
158,779,0.2
342,571,1.0
901,1288,0.5
17,597,0.3333333333333333
195,611,0.25
206,1204,1.0
226,1264,0.5
308,830,0.5
465,1221,1.0
558,980,0.3333333333333333
646,724,0.3333333333333333
651,739,1.0
657,1117,0.5
1121,1349,0.5
1059,1444,1.0
65,1023,0.25
69,1075,0.25
84,320,0.5
158,382,0.2
435,1333,0.5
703,1217,0.5
93,588,0.5
284,521,0.5
296,677,0.5
502,855,0.3333333333333333
680,1069,0.25
1237,1260,1.0
43,1439,1.0
65,425,0.25
386,1348,1.0
73,130,0.5
175,1156,1.0
148,356,0.5
215,477,0.5
355,497,1.0
222,819,0.5
356,1061,0.5
362,839,1.0
591,966,1.0
777,1084,0.5
1072,1369,1.0
1217,1404,1.0
65,1429,0.25
141,817,0.3333333333333333
374,396,0.25
664,1266,0.3333333333333333
1007,1376,1.0
1221,1458,0.5
31,89,0.3333333333333333
122,722,0.14285714285714285
166,294,0.25
248,1460,0.5
483,765,0.5
760,1316,0.3333333333333333
2,963,0.3333333333333333
52,313,1.0
165,532,1.0
898,1011,1.0
1030,1127,1.0
1095,1322,1.0
17,609,0.3333333333333333
213,557,0.5
227,439,0.5
908,1042,1.0
1087,1419,1.0
74,901,1.0
195,224,0.25
416,447,0.3333333333333333
559,756,0.3333333333333333
874,901,1.0
69,287,0.25
80,280,1.0
349,1127,1.0
508,1244,1.0
541,1423,0.25
730,1230,0.5
430,1331,0.5
535,646,0.25
632,857,0.5
756,869,0.3333333333333333
37,73,0.5
369,1189,1.0
521,765,0.5
753,981,1.0
779,1019,0.3333333333333333
200,1243,0.5
548,967,1.0
588,1287,0.5
677,794,0.5
967,1064,0.5
995,1428,0.5
31,97,0.3333333333333333
122,530,0.14285714285714285
278,358,0.3333333333333333
291,677,0.3333333333333333
479,521,1.0
720,1204,0.5
769,1391,0.3333333333333333
846,942,0.25
11,238,1.0
194,667,1.0
287,1226,0.5
473,1144,0.3333333333333333
50,1396,0.5
148,1170,0.5
632,1262,0.5
240,767,0.3333333333333333
516,955,1.0
590,817,0.3333333333333333
664,679,0.3333333333333333
804,899,1.0
1189,1454,0.5
53,1087,0.25
72,784,0.2
170,558,0.5
367,1270,1.0
487,630,0.16666666666666666
538,943,1.0
618,1383,1.0
646,947,0.3333333333333333
779,1226,0.3333333333333333
1009,1316,1.0
130,1040,0.3333333333333333
968,1434,1.0
1284,1342,1.0
4,703,0.5
214,733,0.3333333333333333
232,667,0.5
524,1263,0.5
727,1152,0.5
1143,1160,0.5
144,1124,0.5
264,1284,0.5
447,913,1.0
559,969,0.3333333333333333
765,947,0.5
859,1069,0.25
196,1001,1.0
655,818,1.0
64,686,0.3333333333333333
84,346,0.5
97,665,0.5
253,893,1.0
818,1188,1.0
846,1152,0.25
1187,1335,1.0
204,1107,0.25
473,1154,0.3333333333333333
514,1037,1.0
765,1150,0.5
826,893,0.5
1069,1302,1.0
1119,1452,1.0
38,1450,1.0
353,595,1.0
996,1404,0.5
1254,1258,1.0
122,1143,0.14285714285714285
217,1228,0.5
509,624,1.0
661,1400,0.5
722,1143,1.0
142,804,0.5
227,1459,0.5
325,833,0.25
415,1103,1.0
69,706,0.25
255,1024,0.5
471,632,0.25
549,1346,0.3333333333333333
917,930,1.0
1017,1030,1.0
1097,1270,1.0
1154,1161,1.0
959,1377,0.5
44,433,1.0
78,375,0.2
83,590,0.2
219,1158,1.0
278,1175,0.3333333333333333
537,992,1.0
23,411,1.0
107,1103,1.0
236,330,1.0
541,1445,0.25
788,906,0.5
102,689,0.5
141,1446,0.3333333333333333
291,296,0.3333333333333333
319,1460,1.0
440,583,0.5
1354,1365,1.0
336,1232,1.0
807,1205,0.5
1385,1419,1.0
109,1232,0.5
158,1019,0.2
290,1335,0.25
332,581,0.5
633,1244,0.3333333333333333
692,861,1.0
299,603,0.25
425,941,0.25
785,821,1.0
797,1177,1.0
35,772,1.0
646,765,0.3333333333333333
836,1335,0.5
838,1461,1.0
1178,1281,1.0
1201,1430,1.0
63,137,0.16666666666666666
290,1338,0.25
347,1429,0.5
558,622,0.3333333333333333
1088,1212,1.0
1228,1432,1.0
131,1222,1.0
166,727,0.25
487,650,0.16666666666666666
568,1053,0.3333333333333333
996,1217,0.5
1338,1363,0.5
568,1054,0.3333333333333333
649,857,1.0
786,788,0.5
62,777,1.0
92,1267,0.25
93,1430,0.5
121,794,0.2
299,408,0.25
437,702,1.0
494,593,1.0
833,1450,1.0
231,325,1.0
370,1182,1.0
480,512,0.5
749,1159,0.5
1080,1312,1.0
83,402,0.2
741,1056,1.0
744,1345,1.0
122,1160,0.14285714285714285
525,1049,0.5
846,972,0.25
187,756,1.0
214,1157,0.3333333333333333
325,1450,0.25
368,459,1.0
389,1082,1.0
688,1419,0.5
841,958,1.0
1323,1324,1.0
766,1134,0.3333333333333333
42,1323,1.0
471,1250,0.25
544,1149,0.5
579,654,1.0
633,856,0.3333333333333333
752,853,1.0
1231,1330,1.0
19,375,0.3333333333333333
133,157,0.25
425,1353,0.25
470,488,0.3333333333333333
622,1064,1.0
1147,1239,1.0
114,1061,0.25
114,1261,0.25
478,593,0.3333333333333333
573,678,0.5
599,716,1.0
767,1300,0.3333333333333333
940,1099,0.3333333333333333
218,614,1.0
422,466,1.0
240,1401,0.3333333333333333
344,1353,1.0
366,1139,1.0
501,744,0.5
721,804,1.0
325,457,0.25
449,869,0.3333333333333333
501,1345,0.5
860,862,1.0
203,972,1.0
884,975,1.0
166,942,0.25
209,751,0.5
451,997,1.0
471,857,0.25
500,984,1.0
553,1423,0.5
452,761,1.0
813,1004,1.0
859,1302,0.25
608,1390,0.5
1381,1389,1.0
125,462,0.5
200,487,0.5
311,380,1.0
359,1004,1.0
391,620,0.5
440,1007,0.5
616,695,1.0
636,955,1.0
1008,1391,1.0
1176,1375,1.0
1299,1424,1.0
83,817,0.2
520,848,1.0
600,688,0.25
64,721,0.3333333333333333
108,1293,1.0
332,1405,0.5
598,1363,1.0
128,1354,0.25
304,1442,1.0
812,1446,1.0
1269,1337,1.0
21,914,0.2
63,760,0.16666666666666666
65,86,0.25
68,375,0.5
262,1397,1.0
399,1328,1.0
403,580,1.0
606,1069,1.0
766,1349,0.3333333333333333
796,839,1.0
955,1156,1.0
212,1248,1.0
280,1132,1.0
445,1227,0.5
581,1395,1.0
323,1342,0.3333333333333333
526,1031,0.5
809,1360,0.5
1102,1119,0.5
207,1035,0.5
481,497,0.3333333333333333
528,558,0.2
628,1058,1.0
278,409,0.3333333333333333
356,723,0.5
550,1345,0.2
1179,1272,1.0
83,425,0.2
154,198,1.0
122,183,0.14285714285714285
279,374,0.3333333333333333
363,466,1.0
407,1038,0.5
448,721,0.5
559,1414,0.3333333333333333
600,698,0.25
133,1178,0.25
374,861,0.25
531,1252,0.5
550,749,0.2
638,893,1.0
1112,1355,1.0
228,1264,1.0
259,1117,0.5
691,1333,1.0
995,1285,0.5
100,1401,1.0
128,1365,0.25
183,530,0.2
448,1125,0.5
505,816,1.0
550,751,0.2
571,574,1.0
630,991,0.5
764,1033,1.0
1300,1401,1.0
237,1333,1.0
439,1459,1.0
474,564,1.0
558,1056,0.3333333333333333
639,1059,0.5
1277,1453,1.0
1353,1441,1.0
70,313,0.5
150,1153,0.2
279,780,0.3333333333333333
584,1095,0.3333333333333333
686,721,0.5
1153,1242,0.3333333333333333
204,356,0.25
216,1312,0.3333333333333333
416,712,0.3333333333333333
749,991,0.5
1142,1250,1.0
737,1036,1.0
1279,1382,1.0
1,669,1.0
150,356,0.2
251,1419,0.3333333333333333
364,438,1.0
553,1445,0.5
1143,1415,0.5
590,677,0.3333333333333333
601,870,1.0
82,674,0.5
114,890,0.25
308,912,0.5
409,1175,0.5
512,764,0.5
888,1252,1.0
263,1378,0.3333333333333333
608,1013,0.5
666,867,0.25
163,479,0.5
264,1342,0.5
291,743,0.3333333333333333
502,536,0.3333333333333333
201,474,1.0
217,1082,0.5
246,1209,1.0
352,1287,0.5
487,492,0.16666666666666666
470,522,0.3333333333333333
595,897,1.0
895,1197,1.0
1071,1085,0.5
1102,1138,0.5
396,861,0.5
478,627,0.3333333333333333
526,1251,0.5
718,747,0.3333333333333333
865,1108,1.0
123,1163,1.0
183,1143,0.2
209,981,0.5
407,1055,0.5
524,526,0.5
532,1230,0.5
767,1135,0.3333333333333333
1085,1369,1.0
21,1338,0.2
53,1354,0.25
150,1165,0.2
425,590,0.25
427,716,1.0
466,673,1.0
1003,1004,0.5
518,1150,1.0
528,980,0.2
1084,1208,0.5
120,277,1.0
128,1381,0.25
130,1107,0.3333333333333333
290,1187,0.25
115,1263,0.5
248,342,0.5
777,1369,0.5
1061,1261,1.0
273,618,0.3333333333333333
274,1381,0.3333333333333333
279,396,0.3333333333333333
302,345,0.5
535,724,0.25
761,962,0.3333333333333333
836,1187,0.5
856,1447,1.0
919,1316,0.5
1134,1361,1.0
172,1356,0.5
779,1097,0.3333333333333333
1110,1450,1.0
46,219,1.0
184,513,1.0
213,1240,0.5
301,784,0.5
507,562,1.0
991,1054,1.0
19,419,0.3333333333333333
72,1458,0.2
597,1433,1.0
729,749,0.5
1153,1261,0.3333333333333333
1337,1453,1.0
326,661,1.0
31,377,0.3333333333333333
61,667,1.0
334,1366,0.3333333333333333
450,874,1.0
480,764,0.5
980,1064,1.0
92,1121,0.25
177,776,1.0
303,1114,0.5
475,1150,1.0
315,671,1.0
410,1356,0.3333333333333333
769,1073,0.3333333333333333
36,595,1.0
41,610,1.0
274,1389,0.3333333333333333
72,264,0.2
122,1414,0.14285714285714285
446,826,1.0
711,821,1.0
25,1404,0.5
122,1415,0.14285714285714285
161,1172,0.5
809,1196,0.5
1004,1181,1.0
1019,1226,1.0
183,559,0.2
584,1322,0.3333333333333333
783,959,0.5
183,1160,0.2
263,1000,0.3333333333333333
334,973,0.3333333333333333
504,1283,1.0
916,1039,0.5
130,1322,0.3333333333333333
224,444,1.0
128,1397,0.25
358,687,1.0
492,729,0.3333333333333333
517,1204,0.5
556,561,1.0
642,1179,0.5
653,1172,1.0
713,1352,1.0
881,936,1.0
568,718,0.3333333333333333
573,1333,0.5
672,870,0.5
68,419,0.5
157,926,0.3333333333333333
285,590,0.3333333333333333
325,1110,0.25
531,888,0.5
1160,1415,1.0
284,828,0.5
419,1433,0.5
426,774,0.5
577,1187,1.0
589,743,1.0
50,287,0.5
310,1067,1.0
703,926,0.5
144,1210,0.5
334,780,0.3333333333333333
664,1370,0.3333333333333333
680,1378,0.25
82,905,0.5
255,1104,0.5
677,690,0.5
1003,1028,0.5
21,1363,0.2
814,822,1.0
195,926,0.25
481,1344,0.3333333333333333
550,991,0.2
906,1019,1.0
909,1108,1.0
1005,1356,1.0
1177,1392,1.0
118,176,1.0
425,817,0.25
476,730,1.0
535,947,0.25
940,962,0.3333333333333333
971,1215,1.0
409,410,0.5
680,1383,0.25
688,1087,0.5
5,1159,1.0
305,859,0.3333333333333333
396,692,0.5
862,1450,0.5
1121,1267,0.5
1206,1322,1.0
64,1177,0.3333333333333333
727,846,0.5
53,1385,0.25
263,615,0.3333333333333333
296,794,0.5
534,988,0.5
562,752,0.3333333333333333
1035,1051,1.0
1175,1271,1.0
